1 64
1 65
1 72
1 108
1 12
1 111
1 85
1 22
1 124
1 62
2 69
2 73
2 10
2 45
2 14
2 56
2 106
3 9
4 119
4 107
4 5
4 118
4 109
5 72
5 92
6 98
6 3
6 9
6 77
6 49
6 84
6 89
6 27
6 60
7 120
7 9
7 61
7 45
7 53
8 1
8 34
8 10
8 13
8 117
8 120
8 92
8 62
8 95
9 49
10 69
10 70
11 76
12 16
12 85
12 118
12 31
13 67
13 20
13 93
13 30
13 109
14 60
14 101
14 38
15 74
15 11
15 101
15 14
16 72
16 123
16 115
16 110
17 4
17 71
17 74
17 107
17 109
17 78
17 79
17 21
17 118
17 119
17 92
18 68
18 69
18 10
18 108
18 56
18 101
19 48
19 91
19 37
20 89
20 30
21 4
21 5
21 107
21 109
21 78
21 79
21 110
21 118
22 3
22 104
22 12
22 111
22 21
22 86
23 19
23 106
23 15
23 48
23 51
23 87
23 56
23 91
24 33
24 30
24 81
25 50
25 116
25 103
26 69
26 8
26 73
26 10
26 14
26 15
26 80
26 18
26 84
26 101
27 32
27 49
27 114
27 54
27 89
27 61
27 30
28 9
28 50
28 83
28 54
28 25
28 58
29 112
29 105
29 106
29 47
29 48
29 50
29 51
29 25
29 58
29 28
31 86
32 9
32 114
32 20
32 61
33 16
33 32
33 20
33 54
33 116
34 64
34 86
34 108
34 109
34 79
34 85
34 22
34 111
34 124
34 62
34 31
35 16
35 48
35 106
35 19
36 66
36 99
36 69
36 70
36 7
36 77
36 119
36 124
36 30
36 31
37 38
37 71
37 74
37 80
37 118
37 57
37 123
37 63
38 123
38 74
38 56
38 57
38 59
38 61
38 62
39 57
39 74
39 123
39 69
40 97
40 11
40 100
40 39
40 42
40 75
40 76
40 94
41 97
41 11
41 100
41 40
41 42
41 75
41 76
41 83
41 94
42 97
42 75
42 11
42 76
43 2
43 69
43 10
43 14
43 15
43 80
43 49
43 88
44 32
44 96
44 3
44 48
44 114
44 120
44 89
44 27
44 60
44 61
45 88
45 42
45 46
45 6
46 11
46 103
46 75
46 120
46 88
46 7
47 68
47 70
47 103
47 8
47 41
47 104
47 83
47 113
48 106
49 32
49 3
49 77
50 73
50 58
50 83
50 116
51 117
51 20
51 13
51 30
51 93
52 2
52 69
52 73
52 42
52 114
52 14
52 15
52 18
52 121
52 123
53 35
53 106
53 87
53 48
53 19
53 23
53 24
53 58
53 95
54 24
54 116
54 30
55 2
55 37
55 73
55 10
55 43
55 44
55 50
55 14
55 15
55 18
55 19
55 52
56 80
56 57
56 74
56 63
56 39
57 72
58 16
58 25
58 67
58 70
59 56
59 57
59 123
59 39
60 98
60 3
60 9
60 76
60 49
60 89
61 9
61 89
62 24
62 72
62 101
62 120
63 107
63 57
63 59
63 39
64 108
64 107
64 12
64 16
64 85
64 22
64 30
64 31
65 113
65 12
65 108
65 111
65 81
65 85
65 22
65 124
65 31
66 65
66 97
66 107
66 13
66 45
66 112
66 83
66 85
66 59
66 28
67 33
67 116
67 54
67 89
67 24
67 25
68 67
68 13
68 51
68 20
68 117
68 24
68 93
68 30
69 14
70 32
70 73
70 113
70 103
71 123
71 39
71 74
71 56
71 57
71 59
71 63
72 56
72 81
72 75
72 92
73 48
73 18
73 43
73 14
73 15
74 57
75 97
75 11
76 122
76 75
77 9
77 98
77 3
77 60
77 61
78 92
78 4
79 118
79 92
79 5
79 78
79 109
80 74
80 59
80 106
80 38
80 63
81 33
81 67
81 116
81 30
81 54
81 62
82 37
82 38
82 39
82 72
82 74
82 80
82 19
82 57
82 123
82 69
82 63
83 98
83 35
83 70
84 35
84 106
84 48
84 19
84 23
84 31
85 74
85 79
85 108
85 31
86 64
86 111
86 85
86 59
86 92
86 62
87 98
87 35
87 100
87 106
87 19
87 84
87 94
88 96
88 99
88 102
88 62
88 7
89 32
89 96
90 99
90 70
90 6
90 12
90 47
90 50
90 25
90 58
90 28
90 29
90 63
91 35
91 106
91 48
91 84
91 53
91 54
91 87
91 57
91 28
92 109
92 110
93 33
93 71
93 80
93 81
93 20
93 30
94 97
94 11
94 100
94 42
94 75
94 76
94 49
94 122
95 35
95 36
95 72
95 106
95 87
95 48
95 19
95 84
95 23
96 32
96 3
96 9
96 78
96 114
96 27
96 61
97 16
97 11
97 76
97 77
98 9
98 3
98 61
98 49
99 100
99 102
99 7
99 45
99 46
99 120
100 75
100 97
100 42
100 11
100 76
101 2
101 27
101 10
101 69
101 61
102 7
102 77
102 46
102 45
102 24
102 60
103 88
103 113
103 83
103 28
103 93
104 70
104 103
104 40
104 75
104 14
104 113
104 50
104 83
104 25
105 102
105 113
105 114
105 49
105 50
105 83
105 25
105 58
105 28
105 90
106 89
107 92
107 5
107 78
108 111
108 59
108 4
108 86
108 31
109 72
109 107
109 5
109 119
110 4
110 5
110 107
110 109
110 78
110 79
110 119
111 16
111 12
111 109
111 110
111 31
112 65
112 98
112 70
112 103
112 104
112 47
112 113
112 83
112 22
112 58
113 83
113 76
113 50
113 35
113 4
114 89
114 98
114 61
114 77
115 33
115 67
115 10
115 78
115 81
115 51
115 20
115 54
115 24
115 116
116 24
116 51
116 3
116 13
117 13
117 46
117 114
117 20
117 54
117 24
117 93
117 30
118 107
118 92
118 5
118 78
119 5
119 9
119 78
119 79
119 118
119 92
120 88
120 96
120 45
120 102
121 71
121 69
121 39
121 10
121 43
121 15
121 18
121 57
121 26
121 101
122 97
122 75
122 100
122 40
122 41
122 42
122 11
122 51
123 80
123 74
123 5
124 99
124 22
124 12
124 111
124 86
124 31
124 63
