31 12
31 104
31 78
13 71
13 117
13 30
13 8
13 54
13 72
13 33
13 116
13 68
13 20
59 71
59 123
59 56
59 63
59 57
59 39
120 58
120 3
120 45
120 28
120 46
80 73
80 74
80 63
80 115
117 24
117 30
117 72
117 114
117 68
117 20
117 51
114 71
114 32
114 27
114 89
101 4
101 10
101 69
112 35
112 123
112 104
112 75
112 106
112 25
112 77
112 83
112 87
38 71
38 123
38 82
38 80
38 74
38 10
38 57
38 62
20 89
20 30
97 122
97 75
97 94
97 42
104 40
104 87
104 6
98 49
98 27
33 58
33 32
33 30
33 54
33 16
33 116
33 20
22 111
22 86
22 31
22 124
22 85
22 1
23 19
23 91
23 68
23 84
23 121
23 95
23 93
105 35
105 103
105 104
105 102
105 106
105 74
105 89
105 25
105 53
75 72
75 42
58 7
58 46
58 60
124 31
124 12
124 85
124 101
124 1
124 64
124 97
88 58
88 29
88 7
88 60
88 34
88 68
88 113
88 46
88 45
54 115
54 72
54 42
54 30
54 67
16 86
16 72
16 110
16 12
16 79
79 118
79 78
79 92
25 106
25 89
25 67
61 32
61 27
61 114
61 98
61 89
61 3
61 93
1 8
1 31
1 56
1 85
1 62
1 108
46 7
46 11
46 45
46 9
37 5
37 71
37 80
37 123
37 82
37 56
37 59
37 74
37 38
37 47
5 79
5 109
5 107
5 78
5 61
86 111
86 92
19 48
19 84
19 101
118 4
118 109
118 49
118 78
118 119
122 100
122 75
122 94
122 42
122 76
102 58
102 60
102 7
102 120
102 28
102 96
102 45
10 20
10 43
10 69
57 71
57 72
57 63
57 39
57 74
69 39
8 117
8 43
8 85
8 26
8 84
8 10
8 62
8 95
8 69
51 13
51 30
51 33
51 68
51 122
51 23
51 67
51 20
85 31
85 86
85 118
4 5
4 92
4 107
4 78
4 79
39 71
39 18
39 82
39 56
39 80
39 63
39 40
39 38
81 23
81 19
81 48
81 72
81 93
56 3
56 63
56 74
56 72
94 100
94 40
94 75
94 42
94 76
12 85
12 57
78 92
14 43
14 27
14 116
14 101
49 3
49 27
52 18
52 56
52 114
52 14
52 23
52 55
52 73
52 38
52 121
52 15
52 69
76 11
76 75
76 4
76 42
76 97
93 71
93 109
93 84
93 19
93 59
71 56
71 63
71 80
18 57
18 10
18 101
18 62
18 121
18 69
27 32
11 122
11 40
11 75
11 94
11 97
100 11
100 75
100 42
100 97
100 76
73 14
73 43
73 10
73 55
15 32
15 81
15 43
15 14
15 23
15 101
15 73
15 69
7 63
7 78
42 11
28 58
28 32
28 29
28 70
28 88
28 62
28 46
28 45
89 49
89 27
70 58
70 35
70 7
70 42
70 120
70 102
70 49
70 46
62 86
62 72
62 102
62 80
121 43
121 59
121 37
121 26
121 10
121 101
121 15
121 69
41 75
41 94
41 42
41 122
41 11
41 76
41 100
41 40
41 83
41 97
41 69
87 103
87 106
87 98
87 94
87 11
87 83
66 86
66 111
66 9
66 113
66 36
66 65
66 99
66 112
66 73
66 47
48 23
48 93
6 60
6 98
6 89
6 84
6 49
6 77
6 3
6 46
92 72
92 118
95 19
95 81
95 80
95 48
95 84
95 51
95 93
116 19
116 30
116 54
116 81
116 67
116 20
26 18
26 82
26 43
26 14
26 10
26 57
26 101
26 73
26 69
17 5
17 109
17 92
17 118
17 110
17 78
17 79
17 74
17 64
2 106
2 18
2 29
2 43
2 14
2 96
2 55
2 101
2 73
2 69
2 52
53 58
53 24
53 7
53 50
53 106
53 25
53 87
111 16
111 123
32 3
32 89
30 27
30 68
84 81
84 48
84 43
24 30
24 92
24 54
24 33
24 116
24 20
21 5
21 4
21 109
21 92
21 31
21 110
21 12
21 107
21 78
21 118
21 22
50 104
50 82
50 122
50 106
50 25
50 73
50 105
91 19
91 30
91 54
91 81
91 48
91 84
91 10
91 95
91 93
107 92
107 17
107 79
68 24
68 54
68 115
68 96
68 67
68 20
9 32
9 60
9 114
9 98
9 49
9 6
9 77
9 3
9 20
55 18
55 43
55 12
55 14
55 74
55 10
55 19
55 15
64 31
64 1
64 12
64 91
64 85
109 72
109 4
109 107
109 78
109 92
119 5
119 21
119 92
119 16
119 110
119 107
119 78
119 79
119 17
29 58
29 24
29 7
29 102
29 120
29 106
29 48
29 46
29 45
43 44
43 69
108 111
108 119
108 12
108 59
108 22
108 34
108 85
108 64
108 47
99 86
99 111
99 100
99 113
99 65
99 62
99 64
99 47
90 105
90 50
90 12
90 120
90 106
90 48
90 63
90 25
90 112
90 83
90 53
90 87
36 86
36 124
36 111
36 16
36 113
36 14
36 49
36 67
36 99
36 47
103 35
103 104
103 53
103 84
103 112
103 77
103 46
103 83
103 45
83 35
83 104
83 50
83 107
83 53
83 47
60 77
60 3
60 49
60 98
110 5
110 111
110 4
110 109
110 118
110 107
110 79
115 24
115 94
115 33
115 116
115 117
115 67
115 51
115 47
106 74
106 104
106 61
113 86
113 83
113 47
113 111
65 124
65 31
65 16
65 12
65 22
65 108
65 100
65 1
65 64
65 97
77 32
77 114
77 98
77 49
77 3
77 97
45 7
45 27
45 70
45 76
47 86
47 111
47 98
82 123
82 56
82 80
82 59
82 74
82 72
34 109
34 31
34 16
34 12
34 22
34 85
34 65
34 1
34 64
44 32
44 60
44 27
44 114
44 96
44 48
44 89
44 6
44 61
44 120
63 74
63 123
63 107
123 74
123 63
123 79
123 80
123 57
3 98
35 104
35 50
35 107
35 25
35 99
35 87
35 47
67 117
67 48
67 33
96 32
96 60
96 27
96 114
96 89
96 61
96 3
40 75
40 42
40 122
40 76
40 100
40 97
