1 128
1 89
1 115
2 11
2 76
2 46
2 15
2 16
2 84
2 53
3 81
4 59
4 35
4 92
4 94
5 113
5 82
5 111
6 83
6 5
6 111
7 64
7 33
7 3
7 102
7 10
7 63
8 48
8 57
8 4
8 100
8 103
9 96
9 1
9 65
9 46
9 87
9 121
9 124
10 33
10 3
10 102
10 63
11 72
11 9
11 42
11 55
11 105
11 125
12 126
13 1
13 81
14 51
14 31
14 21
14 85
14 23
15 72
15 105
15 11
15 124
15 125
15 127
16 9
16 12
16 15
16 76
16 19
16 27
17 115
17 67
17 13
17 110
18 96
18 5
18 113
18 111
18 17
18 82
18 122
19 97
19 11
19 44
19 125
19 105
20 56
20 57
20 77
21 33
21 34
21 31
22 5
22 6
22 82
22 111
22 113
22 18
22 83
22 23
22 114
22 122
23 1
23 13
24 99
24 9
24 107
24 13
24 17
24 20
24 56
24 26
24 91
24 95
25 120
25 57
25 70
26 99
26 20
26 93
26 110
27 2
27 72
27 28
27 11
27 80
27 19
27 105
27 55
27 60
27 125
28 64
28 3
28 52
28 93
28 31
29 128
29 3
29 73
29 109
29 80
29 53
29 61
29 30
30 73
30 80
30 51
30 53
30 87
30 117
30 85
32 128
32 66
32 13
32 112
32 113
32 114
33 34
33 28
33 93
34 25
34 70
34 31
35 65
35 34
35 71
36 1
36 35
36 4
36 69
36 103
36 8
36 106
36 48
36 21
36 122
36 92
37 32
37 67
37 23
37 115
37 83
37 22
37 87
37 122
38 17
38 107
38 20
38 117
38 110
39 35
39 4
39 103
39 8
39 106
39 76
39 49
39 89
39 92
39 125
40 66
40 42
40 77
40 86
40 122
40 127
41 42
41 77
41 15
41 84
41 54
41 88
41 59
41 60
42 66
42 43
42 62
42 54
42 127
43 98
43 101
43 104
43 12
43 44
43 45
43 78
43 79
43 126
44 33
44 98
44 101
44 104
44 12
44 45
44 78
44 79
44 25
44 126
45 10
45 12
45 98
46 72
46 105
46 119
46 76
46 77
46 15
46 55
46 58
46 92
47 64
47 33
47 100
47 51
47 52
47 28
47 63
48 81
48 50
48 4
48 13
49 35
49 4
49 102
49 103
49 8
49 47
49 48
49 52
50 80
50 10
50 53
50 78
51 21
51 119
52 63
52 10
52 3
52 7
53 124
54 88
54 60
54 77
54 126
54 127
55 2
55 118
55 105
55 14
55 15
55 16
55 84
55 22
55 58
56 81
56 38
56 111
57 34
57 66
57 51
57 85
57 119
57 125
57 31
58 2
58 72
58 76
58 16
58 19
58 20
58 53
58 59
59 75
59 77
59 114
59 54
59 88
59 60
59 62
60 82
60 77
61 30
61 17
61 116
61 53
61 56
61 62
62 40
62 98
62 77
62 127
63 81
63 3
64 33
64 3
64 41
65 88
65 1
65 75
65 124
65 77
66 60
66 62
66 127
67 32
67 1
67 23
67 5
67 13
68 32
68 1
68 6
68 13
68 115
68 116
68 23
68 89
69 35
69 68
69 39
69 8
69 106
69 103
69 48
69 49
69 52
69 116
70 71
70 75
70 21
70 120
70 57
70 26
71 34
71 51
71 21
71 14
71 31
72 19
72 7
73 101
73 41
73 109
73 50
73 116
73 117
73 87
73 94
74 66
74 40
74 42
74 72
74 18
74 59
74 62
75 113
75 74
75 51
75 6
75 31
76 72
76 47
76 19
76 53
76 15
76 125
77 120
78 98
78 12
78 45
78 79
79 98
79 101
79 12
79 45
79 126
79 31
80 71
80 116
80 53
80 118
80 124
80 61
81 10
81 52
81 7
82 5
83 96
83 82
83 114
83 113
83 18
83 122
83 123
84 40
84 74
84 77
84 54
84 59
84 60
85 2
85 70
85 42
85 34
85 119
85 25
86 66
86 41
86 42
86 75
86 19
86 60
86 74
86 62
86 127
87 80
87 50
87 75
87 53
87 102
88 84
88 66
88 60
88 77
88 127
89 32
89 67
89 37
89 70
89 13
89 83
90 32
90 65
90 67
90 37
90 10
90 115
90 23
90 89
90 62
91 98
91 102
91 38
91 73
91 108
91 110
91 20
91 56
91 26
91 95
92 65
92 35
92 8
92 48
92 93
92 63
93 64
93 100
93 102
93 10
93 47
93 21
94 3
94 109
94 50
94 116
94 53
94 87
94 117
94 61
94 63
95 38
95 71
95 110
95 20
95 54
95 56
95 26
95 127
96 113
96 82
96 75
96 114
96 6
97 71
97 75
97 14
97 51
97 21
97 54
97 25
97 85
97 31
98 12
99 65
99 38
99 110
99 20
99 56
99 84
100 64
100 33
100 3
100 78
100 81
100 28
101 98
101 12
101 45
101 78
101 111
101 17
102 64
102 81
102 3
102 52
102 63
103 40
103 48
103 35
103 92
103 65
104 98
104 101
104 7
104 12
104 45
104 78
104 79
104 126
105 64
105 72
105 43
105 20
106 48
106 33
106 4
106 92
106 49
107 34
107 99
107 108
107 110
107 88
107 20
107 56
107 25
107 26
108 99
108 38
108 103
108 78
108 110
108 23
108 56
108 26
108 29
108 95
109 7
109 50
109 53
109 61
109 30
109 63
110 24
110 64
110 84
111 96
111 82
111 114
112 1
112 67
112 68
112 37
112 38
112 72
112 17
112 115
112 89
112 90
112 5
113 114
113 14
113 6
113 111
114 82
114 123
114 5
114 6
115 8
115 13
115 23
116 104
116 50
116 124
116 45
116 87
117 68
117 5
117 79
117 50
117 116
117 87
117 124
117 29
118 64
118 33
118 99
118 100
118 47
118 81
118 28
118 93
118 63
119 34
119 70
119 111
119 17
119 120
119 25
119 31
120 34
120 14
120 85
120 121
120 57
120 26
121 97
121 115
121 71
121 14
121 49
121 51
121 21
121 25
121 31
122 96
122 82
122 5
122 6
122 111
123 96
123 67
123 5
123 6
123 82
123 113
123 18
123 88
123 122
124 40
124 50
124 109
124 29
124 61
125 72
125 105
125 86
125 120
126 98
126 3
126 45
126 78
126 101
127 74
127 52
127 77
128 68
128 37
128 13
128 82
128 115
128 23
128 90
128 60
